0.468815486093
0.591355815245
0.443926793785
0.42475417555
0.00709741024885
0.388003768599
0.0286202796966
0.084794482735
0.0228574021208
0.644821809051
0.509857338217
0.868415291264
0.395926419618
0.169545066183
0.863515825096
0.59986068611
0.530994703249
0.565837293624
0.579041366987
0.47795137137
0.425389412224
0.382127997588
0.462382685665
0.946299539568
0.0627550367451
0.98269928483
0.200979116287
0.253590066592
0.495897439214
0.144222808871
0.481790139913
0.0362816010814
0.95809668824
0.640154257896
0.173156728567
0.754090099359
0.7443482009
0.318971612095
0.110695094365
0.192614156193
0.73768483186
0.174689420308
0.368931916604
0.586547002614
0.237172940086
0.651261163854
0.120221866122
0.74168673151
0.341220133249
0.172016736227
0.726175151205
0.343678808436
0.320302486553
0.170287279376
0.722686326708
0.214842816865
0.0713243339162
0.779401316054
0.222897422264
0.533232549791
0.604939793132
0.575528804728
0.809071768624
0.340348234436
0.915638130467
0.840217640146
0.186971642015
0.421812563075
0.796428859319
0.389969611727
0.917943147273
0.0824554431909
0.433578312986
0.450330756808
0.660248247786
0.435875492789
0.201589044717
0.959129086253
0.225321364313
0.43156402566
0.876062378857
0.518149926024
0.918863966216
0.208244931432
0.747903250195
0.864923645154
0.870985791311
0.257696177205
0.209533620304
0.149254630718
0.554687767477
0.658759038422
0.24701293232
0.49206220636
0.151782923217
0.212257942793
0.893243092347
0.602785818209
0.756692553986
0.82232722671
0.803550273681
0.926014568332
0.216383605379
0.898134144572
0.76192856835
0.238533810523
0.458838200907
0.144174909567
0.393983342816
0.669487283915
0.352132043971
0.213510153723
0.807183033099
0.378517827392
0.821827444874
0.811340749533
0.944473627229
0.498950234616
0.856529217452
0.310666577519
0.116535377138
0.871746480329
0.700386491014
0.937847633428
0.509243572157
0.924881862644
0.254034032308
0.266984456667
0.177553017898
0.858967008291
0.415626347051
0.786197585436
0.162403432817
0.761216449257
0.170614767284
0.201241059372
0.33011016479
0.82204198877
0.551414947972
0.582860622551
0.457129483788
0.478990390631
0.407552881198
0.941736101562
0.175137111685
0.969212709445
0.643621039565
0.833018199041
0.588655504473
0.758665493885
0.474693460787
0.541959309457
0.328298403283
0.711613007727
0.520259445061
0.813939866071
0.23108106327
0.891281247601
0.638480184379
0.422385595776
0.451659027426
0.802221123366
0.0887562972488
0.102688604966
0.824258082778
0.375797254426
0.754887268603
0.125523008781
0.243522076611
0.84675204436
0.653790066778
0.99731092461
0.168081137154
0.469826277531
0.638170805767
0.170424209372
0.569120484433
0.0454669162101
0.664086384294
0.0353170212995
0.446646289862
0.264108914194
0.151568777028
0.574961865845
0.989786975221
0.0365020071324
0.33896309501
0.067125424304
0.720715492592
0.610828156591
0.557124778
0.696742800436
0.32081638629
0.60636572643
0.829657293057
0.944815383112
0.170091064758
0.265775789652
0.949568656622
0.231180796155
0.938914874898
0.695145241988
0.749299562824
0.17495510794
0.393456035947
0.640717623007
0.903980913367
0.960645774374
0.437832084956
0.949323660848
0.0379944498783
0.448452454335
0.377170469754
0.930512202763
0.151532363791
0.722566457375
0.689150755947
0.143301173364
0.0126412788759
0.655699913728
0.216403014882
0.780128795785
0.1959304517
0.456717886921
0.85233084137
0.873185107235
0.53875011542
0.968623874896
0.136258772615
0.826686796711
0.216608498267
0.831453596827
0.326154499016
0.886059184613
0.913544296021
0.359157737653
0.311619231061
0.0607109590605
0.268570792341
0.541067676112
0.0536216220531
0.42362473747
0.595050762212
0.0429294052912
0.455735133045
0.209544636229
0.780960876749
0.954850029865
0.463869063971
0.785537782922
0.625517473073
0.841332653047
0.811822707726
0.978794806471
0.418472279934
0.773910967686
0.842446439925
0.21057722941
0.889836521963
0.249312758123
0.435083335136
0.122933739464
0.588688126131
0.573117309539
0.740643727214
0.233184289028
0.210461092766
0.278728769171
0.469772684371
0.385143044557
0.186221095208
0.209799559057
0.68349453785
0.258439506271
0.0560004312048
0.657831791502
0.737556347252
0.516816474429
0.757054984499
0.666640854555
0.0117649998881
0.0721130678153
0.312436757633
0.590491840986
0.574691131569
0.80011894774
0.0153352894875
0.494116033635
0.463998679716
0.970882048185
0.516369341238
0.323482636716
0.488025088622
0.399669226098
0.117087374723
0.916064262942
0.172411561109
0.368057177181
0.463040940078
0.81012402973
0.193849284634
0.366372519834
0.133879814426
0.345014428032
0.933275242147
0.931933868799
0.973957417184
0.900634108839
0.438750383649
0.433354532731
0.746921744131
0.0456417256472
0.165055564291
0.139739220865
0.779158683588
0.335173280649
0.807334212697
0.66007333502
0.918791598177
0.526799906317
0.0868271950604
0.083980990511
0.717543866235
0.982146118014
0.628102235674
0.232812220693
0.392064939739
0.328641140585
0.176677311527
0.912447257582
0.645876338994
0.457575374701
0.790966631906
0.110683695487
0.485645078076
0.974221880844
0.964301190689
0.652605586703
0.769276633298
0.654890996061
0.796970495201
0.145027650224
0.769634504378
0.80597177675
0.562018614329
0.451520226229
0.171232426955
0.187325737541
0.822436317383
0.655536653604
0.177294577217
0.413380898737
0.595132700222
0.878377291205
0.377333499486
0.416636271577
0.444895435228
0.447547595623
0.128381933153
0.645591081698
0.234460866706
0.0274710332749
0.0473324830213
0.0551668723726
0.0321774857695
0.6936392102
0.902731512302
0.0924747433483
0.44844627946
0.577358416662
0.562962801498
0.76073122786
0.150646164916
0.548258054383
0.93829364729
0.970716679952
0.0825271749305
0.673068705007
0.0880349712621
0.818469944246
0.73856238604
0.541846887028
0.0321851945584
0.880543910005
0.638495032212
0.883123455051
0.216087822669
0.641004208682
0.355414797249
0.533406544678
0.540539899182
0.994903110608
0.0349628179093
0.795400675688
0.100864913595
0.548648487952
0.212145158258
0.175647797677
0.623643251948
0.771224559886
0.745988739674
0.325748400963
0.472958153643
0.119017330793
0.0850916897538
0.8097107717
0.609930696269
0.810027819516
0.644644756734
0.932761680517
0.365708899733
0.188026530718
0.987184792946
0.023313940848
0.724067189245
0.203736968443
0.544204831107
0.798019725611
0.0667580964918
0.955386280682
0.0950081037408
0.0746880058563
0.93124618369
0.983976652146
0.268300090113
0.882088864482
0.324266920521
0.640386367802
0.157308260831
0.129974909456
0.206667493467
0.637253494463
0.990875930764
0.208308176118
0.658218843871
0.477371899331
0.963042285875
0.347180702816
0.244179234506
0.462525162052
0.178137698857
0.120630928462
0.434962030539
0.242588695317
0.335270320775
0.00134170225564
0.80395442096
0.279307490053
0.625021157485
0.750436550975
0.0820844438386
0.0220804459435
0.541187639044
0.165199640116
0.154293144825
0.904679443157
0.824263129776
0.867074442482
0.316670941767
0.194765754139
0.959673575441
0.561432129117
0.605204015061
0.143380543789
0.865126216606
0.0985440549177
0.126836643722
0.669545847517
0.479113909893
0.19303868544
0.220551663647
0.953642969741
0.321053240418
0.853280045068
0.745998421498
0.250748814578
0.326769146862
0.152635315874
0.0762361988346
0.22911584707
0.739102869704
0.914248525825
0.172591697223
0.386005968016
0.0799532927203
0.0741362634224
0.266359676409
0.623228260966
0.36319087913
0.215361846912
0.0189377595144
0.631802705255
0.0839550295935
0.790083249909
0.501042812726
0.465853486665
0.433404459133
0.229661078351
0.359430405119
0.808614178448
0.763802443495
0.954700168135
0.631340437415
0.643332669183
0.645272192793
0.0183743719161
0.65767277613
0.84261026614
0.75116355089
0.623978793863
0.281324815716
0.467396499424
0.897007754434
0.475018841623
0.697887721719
0.762064751632
0.779656910244
0.914995149042
0.633912996727
0.416708613915
0.567251816475
0.578362072246
0.373557412702
0.738252866498
0.0835743900054
0.216918906308
0.347440608164
0.188600148539
0.196922591294
0.830921395462
0.580549195422
0.339851716046
0.710098857513
0.560348506961
0.39569933477
0.233914843884
0.423819432162
0.125961806979
0.330012863962
0.0863873236038
0.0822841696011
0.741035044997
0.574628886392
0.390789085709
0.356271283689
0.107136423728
0.908252122653
0.134795234211
0.0424306171772
0.392851970018
0.921754877703
0.188618149054
0.896857667257
0.777251899737
0.635173817908
0.5667201144
0.490596864696
0.95219425321
0.497398209553
0.369723664498
0.0475542078366
0.407365037863
0.682214504037
0.720828113838
0.0731395069944
0.726222632603
0.581582848699
0.0628132576981
0.760416643028
0.895519537806
0.903435423537
0.214002274543
0.72035937702
0.786318889533
0.0486577269931
0.917116639711
0.771239141851
0.36371168457
0.134704136209
0.217559818455
0.747431816531
0.893411473698
0.67302232462
0.251574076287
0.582932920642
0.902181180971
0.393219552155
0.819019384605
0.69403624936
0.20861718127
0.517430117229
0.542440811523
0.451481721271
0.0593796392488
0.892874058939
0.975457867366
0.0665862648995
0.566378680668
0.370225422288
0.361297573131
0.558303535932
0.823969860567
0.960225256408
0.819312340002
0.00838079230481
0.270649544851
0.0628740801108
0.980261644526
0.494785147304
0.0345887910235
0.11851204249
0.41736367797
0.558532474503
0.199789908703
0.223469802639
0.6402777938
0.708361473673
0.198300504348
0.696339615013
0.0667810283242
0.953153936297
0.181156360151
0.0521721014477
0.641396367796
0.14027934267
0.706066480225
0.393053251309
0.413969114547
0.470457349465
0.947418310704
0.963124952541
0.660981089877
0.113636660025
0.0726864593636
0.73823758768
0.462390954836
0.871504479183
0.86703427491
0.757032957152
0.417916713502
0.703958592485
0.667773760961
0.402813416582
0.485949975183
0.842832066513
0.818084867728
0.631864225297
0.491543879525
0.048172802035
0.0181284852451
0.0145735130885
0.0120026111293
0.728830447985
0.684173093836
0.777612729553
0.803161653868
0.277813344373
0.199075343321
0.946946316656
0.90500226695
0.0936838126455
0.725717710141
0.0430377495447
0.896462468616
0.310334887219
0.227277131708
0.596177363675
0.133223331881
0.826732885327
0.596606793693
0.501310981264
0.942694681858
0.36258549328
0.642327128715
0.825684101649
0.917242189199
0.493428760613
0.738883476483
0.377363394988
0.322620030885
0.634050217729
0.860177304686
0.235588887341
0.623930411901
0.249496977942
0.517927912337
0.480525057461
0.846324032813
0.474430991968
0.438560871917
0.597561177871
0.493578377631
0.429437793807
0.0375490016197
0.233413908415
0.402558049161
0.345369219086
0.640562393478
0.893898571253
0.533156078588
0.620716823952
0.73005653356
0.541898147165
0.69410524637
0.0882607082757
0.634712047807
0.747364897362
0.796526195134
0.601277449527
0.867742848527
0.288143433636
0.255961955097
0.852440162558
0.74626659189
0.57140730838
0.889896161509
0.707503234525
0.899954658743
0.879092031619
0.225832996601
0.538621943486
0.538961946243
0.383510378011
0.0486581879075
0.434922093025
0.454277555076
0.197477413915
0.81316948693
0.843019366885
0.234236123624
0.201705003767
0.165992229453
0.337479123465
0.845026384416
0.772651239543
0.308457344457
0.230146213804
0.180362039031
0.624351030102
0.644787470646
0.320076843893
0.390372535187
0.324129953924
0.757295523805
0.149946130271
0.915191607831
0.879111249631
0.198633386294
0.55566938462
0.968048847896
0.333985113178
0.332026799724
0.252958607489
0.545984840768
0.153394557947
0.122102644733
0.768814208261
0.808510396801
0.102149307674
0.991455262459
0.47440729546
0.892193803508
0.97958256008
0.502259103128
0.578754275352
0.159093914553
0.122842750566
0.333605302098
0.299904205331
0.0275193476177
0.114591696315
0.985289683605
0.346202153024
0.379459253144
0.194532273116
0.231207185397
0.118436846565
0.772953185221
0.758449090032
0.456250099876
0.210485305998
0.68199968151
0.60289051512
0.89442520181
0.691963498489
0.614225925313
0.507578511824
0.616834007131
0.0549751952666
0.993340397064
0.898450948999
0.834150692657
0.373191560241
0.664640936628
0.405895078791
0.279671684708
0.0838518483005
0.777791383121
0.288595629995
0.791722177348
0.765100346127
0.428790430821
0.532941618809
0.29298851153
0.0999339137767
0.43909345232
0.987324955172
0.683301768686
0.176910028266
0.324525155802
0.030027835038
0.308484682664
0.401335016838
0.561782879128
0.543032854837
0.441626646647
0.756422582871
0.940426200028
0.546541529687
0.428139680567
0.653458898212
0.0117289775913
0.670158270355
0.0607863771548
0.744063108578
0.393228175786
0.163240114939
0.197830188608
0.702940357053
0.96789933533
0.928959733523
0.385049643013
0.89234235299
0.179788536808
0.231573699928
0.923248597819
0.426316925241
0.0351668594178
0.652316965701
0.744753764646
0.536301395194
0.030915861534
0.531894845127
0.451805462122
0.663869419432
0.709947306458
0.173328631443
0.494935118788
0.623717634688
0.160546028549
0.702818463809
0.109885559133
0.625150821123
0.824386470275
0.256101651064
0.255170242199
0.823688188866
0.687764367698
0.0855763324196
0.604446296691
0.519886095411
0.873786087067
0.348264384997
0.274139715515
0.0578479907364
0.864649361496
0.399517986896
0.00600873728456
0.079989862072
0.349258999779
0.703720456707
0.882786621452
0.559880517328
0.00525688619841
0.807373161525
0.858796967968
0.887008352372
0.526532754199
0.0135002540249
0.181968153629
0.452233816768
0.965521730576
0.820761942294
0.925153043827
0.686185412208
0.0192592748708
0.49900750944
0.16401044437
0.909973857065
0.915368470178
0.871305975235
0.601763213672
0.0350099800258
0.845258415164
0.273142589076
0.960839262324
0.0623480249197
0.016087209441
0.760895151833
0.525173868568
0.892102469954
0.197958985244
0.318304283352
0.690027660761
0.821681471137
0.827551910564
0.392348108765
0.548862176249
0.186387484608
0.653220941335
0.611453295245
0.452039810676
0.488635855372
0.10228520415
0.424543899689
0.959372580779
0.610084669478
0.170335859584
0.600622076213
0.550065945338
0.262934261105
0.491152616856
0.0119225747535
0.670286793711
0.623123488158
0.668833868459
0.404311464771
0.731419444097
0.0776798914657
0.738904131423
0.638839786804
0.20035013801
0.592462671006
0.132219588502
0.105523082878
0.107394175472
0.763229750242
0.485545022702
0.269700839886
0.230390712893
0.83661491343
0.652162488187
0.473274596303
0.133125390718
0.524147663013
0.34112858859
0.564413182597
0.953170579732
0.617685198756
0.898209848157
0.842911646887
0.426898460554
0.666171320002
0.178259207828
0.391557836656
0.963679463426
0.213921335407
0.216264930884
0.118759575098
0.860025613243
0.639972241029
0.887922760942
0.527245893938
0.763613823818
0.137429126745
0.20999719817
0.841302810213
0.682250823595
0.16869507991
0.187405701928
0.259911344053
0.575758926999
0.881931195155
0.527612968784
0.233378003677
0.556174725315
0.922753463757
0.552808009119
0.332089363871
0.485368692849
0.731921295301
0.0681607110318
0.997904979648
0.975393959017
0.774091491981
0.54220473619
0.537866515487
0.751657444012
0.175001736305
0.632330893938
0.121279043716
0.889159204072
0.119569317209
0.187440528839
0.854939356299
0.807118561575
0.075797851574
0.926323297697
0.215189918587
0.986051970518
